,time,group,dim_1,dim_2,dim_3
0,0,0,0.18411076,0.3493234,0.46656585
1,0,0,0.34580424,0.27762654,0.3765692
2,0,0,0.42870846,0.23018053,0.341111
3,0,0,0.3088128,0.4201678,0.2710194
4,0,0,0.37418872,0.39814433,0.22766696
5,0,0,0.3358777,0.32736588,0.33675644
6,0,0,0.33560914,0.18416262,0.48022825
7,0,0,0.36347276,0.23125197,0.40527526
8,0,0,0.27881482,0.390322,0.33086318
9,0,0,0.40697294,0.26669824,0.3263288
10,0,0,0.21508203,0.27281442,0.51210356
11,0,0,0.3153593,0.3132143,0.3714264
12,0,0,0.43335503,0.2954376,0.27120736
13,0,0,0.4410777,0.35112414,0.20779814
14,0,0,0.4020306,0.31214848,0.28582093
15,0,0,0.38199452,0.4018331,0.21617237
16,0,0,0.21456495,0.35665628,0.42877877
17,0,0,0.35873255,0.36799377,0.27327368
18,0,0,0.4358006,0.33359328,0.23060611
19,0,0,0.4783456,0.27966163,0.24199277
20,0,0,0.37082654,0.29344046,0.335733
21,0,0,0.32935926,0.29490948,0.37573126
22,0,0,0.26992944,0.2815023,0.44856825
23,0,0,0.30423972,0.26650736,0.4292529
24,0,0,0.24512094,0.4141827,0.34069636
25,0,0,0.32585934,0.22063018,0.4535105
26,0,0,0.2744412,0.4104519,0.31510687
27,0,0,0.45029452,0.3099161,0.23978938
28,0,0,0.21183383,0.40661484,0.3815513
29,0,0,0.225738,0.27863345,0.49562857
30,0,0,0.48844776,0.26966748,0.24188478
31,0,0,0.2870272,0.31071636,0.40225643
32,0,0,0.28110757,0.30245003,0.4164424
33,0,0,0.20249481,0.37588534,0.42161986
34,0,0,0.33609566,0.1941956,0.46970874
35,0,0,0.21054111,0.1572636,0.6321953
36,0,0,0.31465617,0.30985054,0.3754933
37,0,0,0.2801379,0.3111718,0.4086903
38,0,0,0.54572207,0.18654217,0.26773575
39,0,0,0.2629905,0.3934228,0.34358668
40,0,0,0.39495188,0.32270795,0.28234017
41,0,0,0.23394181,0.28064317,0.485415
42,0,0,0.27178994,0.14733586,0.5808742
43,0,0,0.32364002,0.20638146,0.4699785
44,0,0,0.24786068,0.3147503,0.437389
45,0,0,0.35397574,0.3346192,0.31140506
46,0,0,0.57087696,0.2565448,0.17257825
47,0,0,0.21073651,0.40230292,0.3869606
48,0,0,0.38926172,0.31674868,0.29398957
49,0,0,0.2665696,0.4296595,0.3037709
50,0,0,0.36293277,0.3092216,0.32784566
51,0,0,0.21583508,0.36999306,0.41417184
52,0,0,0.3841206,0.22340475,0.39247465
53,0,0,0.32624114,0.3050689,0.36868995
54,0,0,0.18132399,0.4776882,0.34098783
55,0,0,0.27405185,0.31323487,0.4127133
56,0,0,0.2522622,0.2952707,0.45246708
57,0,0,0.39215994,0.25651553,0.35132453
58,0,0,0.21628937,0.40823734,0.3754733
59,0,0,0.35609856,0.28643695,0.3574645
60,0,0,0.32000837,0.32411325,0.35587838
61,0,0,0.26566347,0.33307505,0.40126148
62,0,0,0.28572786,0.2408552,0.47341692
63,0,0,0.47090772,0.19265741,0.33643487
64,0,0,0.35031414,0.40940043,0.24028543
65,0,0,0.33385488,0.2556761,0.41046903
66,0,0,0.3680285,0.37111488,0.26085663
67,0,0,0.275855,0.44522038,0.2789246
68,0,0,0.23508695,0.4661489,0.29876414
69,0,0,0.35415938,0.2742679,0.37157267
70,0,0,0.36462662,0.2790532,0.35632017
71,0,0,0.40798977,0.23908885,0.3529214
72,0,0,0.30162597,0.3466002,0.35177383
73,0,0,0.36023226,0.20106259,0.43870515
74,0,0,0.23498765,0.29513025,0.4698821
75,0,0,0.26071793,0.30132863,0.43795344
76,0,0,0.4024026,0.32066017,0.27693722
77,0,0,0.35434216,0.3076406,0.3380172
78,0,0,0.24938717,0.3541527,0.39646012
79,0,0,0.47103533,0.31169766,0.217267
80,0,0,0.34856626,0.3613675,0.29006627
81,0,0,0.2413221,0.3799018,0.3787761
82,0,0,0.50854874,0.321919,0.16953228
83,0,0,0.31548253,0.36733234,0.31718513
84,0,0,0.34503803,0.28771457,0.3672474
85,0,0,0.34650195,0.3797628,0.27373526
86,0,0,0.23803516,0.3315021,0.43046275
87,0,0,0.4340441,0.3426399,0.22331601
88,0,0,0.2632727,0.4258442,0.3108831
89,0,0,0.23159757,0.32989472,0.4385077
90,0,0,0.46106896,0.23978339,0.29914767
91,0,0,0.47526702,0.22699544,0.29773754
92,0,0,0.43268812,0.22385305,0.34345883
93,0,0,0.17134137,0.48678747,0.34187114
94,0,0,0.335494,0.25152406,0.41298193
95,0,0,0.36739817,0.4166407,0.21596111
96,0,0,0.3535017,0.32841092,0.3180874
97,0,0,0.37091035,0.2449736,0.38411605
98,0,0,0.27413458,0.5063989,0.21946652
99,0,0,0.21975033,0.34137684,0.43887284
100,0,0,0.26034865,0.42422438,0.31542695
101,0,0,0.31803188,0.4115912,0.27037692
102,0,0,0.2733843,0.23618932,0.4904264
103,0,0,0.25321358,0.21508592,0.5317005
104,0,0,0.37809306,0.33492082,0.28698608
105,0,0,0.437057,0.13666512,0.4262779
106,0,0,0.37412128,0.31749564,0.30838308
107,0,0,0.49670774,0.35668868,0.14660358
108,0,0,0.20332429,0.41119123,0.3854845
109,0,0,0.2640994,0.47099358,0.264907
110,0,0,0.4446417,0.2593584,0.29599988
111,0,0,0.34617326,0.38708475,0.266742
112,0,0,0.38315177,0.30170393,0.3151443
113,0,0,0.271169,0.4363714,0.29245958
114,0,0,0.4410561,0.2118027,0.34714118
115,0,0,0.35520902,0.32930893,0.31548205
116,0,0,0.28119436,0.34401366,0.37479198
117,0,0,0.28005344,0.37994987,0.3399967
118,0,0,0.32609785,0.2167078,0.45719436
119,0,0,0.5276909,0.23394924,0.23835985
120,0,0,0.33848453,0.39609393,0.26542154
121,0,0,0.50965595,0.12214028,0.36820376
122,0,0,0.20845306,0.24876714,0.5427798
123,0,0,0.25872606,0.27124053,0.4700334
124,0,0,0.44274503,0.29434517,0.2629098
125,0,0,0.317625,0.36293706,0.31943798
126,0,0,0.27913892,0.34359366,0.37726742
127,0,0,0.24601816,0.40301555,0.3509663
128,0,0,0.26514396,0.24519801,0.48965803
129,0,0,0.24961053,0.57702374,0.17336576
130,0,0,0.37819296,0.30424297,0.31756407
131,0,0,0.34855103,0.2615062,0.38994277
132,0,0,0.22431774,0.394478,0.38120425
133,0,0,0.38781568,0.16927284,0.44291148
134,0,0,0.41843808,0.24035913,0.3412028
135,0,0,0.36534345,0.24914266,0.38551387
136,0,0,0.30245456,0.45769405,0.23985139
137,0,0,0.4675607,0.29046097,0.24197832
138,0,0,0.25361073,0.3279612,0.41842806
139,0,0,0.26739702,0.37793422,0.35466877
140,0,0,0.30404863,0.34245858,0.3534928
141,0,0,0.30373803,0.48811626,0.20814571
142,0,0,0.28178352,0.40912345,0.30909303
143,0,0,0.22930774,0.37781575,0.39287654
144,0,0,0.44148663,0.29497293,0.26354045
145,0,0,0.3090222,0.32320285,0.36777496
146,0,0,0.39381933,0.29044878,0.31573185
147,0,0,0.32909817,0.2551109,0.41579095
148,0,0,0.3707414,0.28214413,0.34711447
149,0,0,0.30039603,0.283098,0.41650596
150,0,0,0.37245768,0.22677957,0.40076274
151,0,0,0.38805866,0.37428406,0.23765728
152,0,0,0.41805416,0.41005978,0.17188607
153,0,0,0.38439408,0.29561433,0.3199916
154,0,0,0.2941328,0.3426418,0.3632254
155,0,0,0.4036799,0.28889096,0.30742913
156,0,0,0.5337712,0.27054867,0.19568013
157,0,0,0.31526205,0.43708947,0.24764849
158,0,0,0.20451541,0.4387892,0.35669538
159,0,0,0.42531043,0.1891538,0.38553575
160,0,0,0.47642037,0.26387998,0.25969964
161,0,0,0.44317344,0.31584424,0.24098234
162,0,0,0.31369382,0.3926282,0.293678
163,0,0,0.41222978,0.31296775,0.27480248
164,0,0,0.15997818,0.552168,0.2878538
165,0,0,0.40231976,0.23456843,0.3631118
166,0,0,0.3472782,0.31754908,0.3351727
167,0,0,0.2839358,0.30647287,0.40959135
168,0,0,0.3813046,0.26351982,0.35517558
169,0,0,0.39080265,0.25841168,0.35078567
170,0,0,0.32296577,0.2376914,0.43934283
171,0,0,0.21174082,0.49832833,0.28993085
172,0,0,0.45594513,0.14053684,0.40351802
173,0,0,0.48249695,0.24336548,0.27413756
174,0,0,0.16929035,0.6082634,0.22244628
175,0,0,0.28115138,0.36417174,0.3546769
176,0,0,0.41435167,0.19880424,0.3868441
177,0,0,0.47041705,0.34379372,0.18578921
178,0,0,0.3682433,0.370079,0.2616777
179,0,0,0.26855204,0.53129584,0.20015213
180,0,0,0.26832435,0.32397765,0.407698
181,0,0,0.38465416,0.24222761,0.37311822
182,0,0,0.3174091,0.33831292,0.344278
183,0,0,0.29453275,0.33455905,0.37090823
184,0,0,0.23125029,0.18934403,0.57940567
185,0,0,0.29396203,0.33333036,0.3727076
186,0,0,0.24145265,0.41149652,0.34705082
187,0,0,0.26232544,0.4267916,0.31088296
188,0,0,0.4258746,0.24451455,0.32961085
189,0,0,0.42608207,0.32963112,0.2442868
190,0,0,0.26511493,0.35719743,0.37768763
191,0,0,0.50727564,0.28209406,0.21063031
192,0,0,0.33253855,0.3066044,0.36085707
193,0,0,0.28230855,0.28585172,0.43183973
194,0,0,0.31484756,0.2311684,0.45398405
195,0,0,0.31594563,0.4577333,0.22632106
196,0,0,0.18241423,0.46207133,0.35551444
197,0,0,0.38486436,0.26491037,0.35022527
198,0,0,0.23701857,0.44158307,0.32139838
199,0,0,0.54541266,0.19092517,0.26366216
200,0,1,0.25654298,0.3809376,0.3625194
201,0,1,0.26753643,0.25070554,0.48175803
202,0,1,0.21130146,0.3759048,0.41279373
203,0,1,0.38573962,0.33414587,0.2801145
204,0,1,0.2864848,0.18969625,0.5238189
205,0,1,0.46307155,0.2997858,0.23714264
206,0,1,0.33528128,0.4840408,0.18067794
207,0,1,0.31169713,0.283481,0.40482184
208,0,1,0.4366394,0.27376112,0.28959948
209,0,1,0.36289608,0.29868457,0.33841938
210,0,1,0.40983593,0.27164572,0.31851834
211,0,1,0.2294354,0.46857545,0.30198914
212,0,1,0.49768475,0.3101778,0.19213745
213,0,1,0.5509911,0.26379263,0.18521625
214,0,1,0.3317093,0.3019268,0.3663639
215,0,1,0.20997527,0.32219347,0.46783125
216,0,1,0.31849775,0.2934539,0.38804835
217,0,1,0.22405472,0.38560095,0.39034432
218,0,1,0.20493448,0.2964808,0.49858472
219,0,1,0.2787261,0.29385826,0.42741564
220,0,1,0.23600246,0.38054538,0.38345218
221,0,1,0.3501986,0.15356608,0.49623534
222,0,1,0.3312718,0.3191571,0.3495711
223,0,1,0.18078318,0.42643508,0.39278173
224,0,1,0.2960748,0.4580092,0.24591596
225,0,1,0.341381,0.28210294,0.376516
226,0,1,0.32500568,0.39085796,0.28413635
227,0,1,0.321918,0.41897914,0.25910282
228,0,1,0.360933,0.30323547,0.33583155
229,0,1,0.3418631,0.32642537,0.3317115
230,0,1,0.21802635,0.31266317,0.46931046
231,0,1,0.42394465,0.27905026,0.2970051
232,0,1,0.19921853,0.44305626,0.3577252
233,0,1,0.33198065,0.26374805,0.4042713
234,0,1,0.28603274,0.39466524,0.31930202
235,0,1,0.25579447,0.39134508,0.35286045
236,0,1,0.38103923,0.27262977,0.346331
237,0,1,0.27206182,0.25874576,0.46919242
238,0,1,0.30495092,0.36590806,0.32914102
239,0,1,0.31863213,0.29355377,0.38781413
240,0,1,0.42113596,0.2502529,0.32861114
241,0,1,0.37400773,0.26137847,0.36461383
242,0,1,0.4042554,0.34185413,0.2538905
243,0,1,0.4086746,0.3086632,0.2826622
244,0,1,0.34918198,0.35257024,0.29824778
245,0,1,0.4138724,0.25884137,0.32728624
246,0,1,0.3632794,0.26747358,0.36924705
247,0,1,0.35718796,0.35717002,0.28564203
248,0,1,0.25149462,0.42156532,0.32694006
249,0,1,0.3458337,0.3329424,0.3212239
250,0,1,0.3914056,0.27079353,0.33780086
251,0,1,0.29175746,0.43987206,0.2683705
252,0,1,0.40917233,0.29447222,0.29635546
253,0,1,0.2334736,0.63506687,0.13145952
254,0,1,0.30446047,0.4569647,0.23857485
255,0,1,0.31279832,0.4538716,0.23333009
256,0,1,0.30208457,0.39895698,0.29895842
257,0,1,0.3799009,0.38268363,0.23741546
258,0,1,0.24848895,0.5408435,0.21066757
259,0,1,0.39637616,0.3727025,0.23092131
260,0,1,0.34657902,0.30718955,0.34623143
261,0,1,0.25052717,0.28338066,0.46609217
262,0,1,0.38975084,0.36578935,0.24445978
263,0,1,0.33455586,0.33717725,0.3282669
264,0,1,0.41211373,0.27802354,0.30986273
265,0,1,0.43564513,0.2564378,0.30791706
266,0,1,0.29481652,0.31122082,0.39396265
267,0,1,0.4930217,0.30148008,0.20549819
268,0,1,0.46167305,0.23323303,0.3050939
269,0,1,0.24355727,0.42166924,0.3347735
270,0,1,0.3432414,0.19730395,0.45945466
271,0,1,0.2996314,0.37875366,0.32161495
272,0,1,0.38750297,0.29228026,0.32021677
273,0,1,0.30545336,0.31416756,0.38037908
274,0,1,0.18961142,0.2873814,0.5230072
275,0,1,0.52883375,0.14880146,0.3223648
276,0,1,0.46274185,0.3247122,0.21254595
277,0,1,0.36616135,0.38759562,0.24624301
278,0,1,0.37273157,0.24536084,0.38190758
279,0,1,0.3665732,0.28719664,0.34623015
280,0,1,0.24973328,0.46204734,0.2882194
281,0,1,0.27541697,0.3266602,0.3979228
282,0,1,0.3083698,0.35128516,0.34034508
283,0,1,0.33597094,0.33389577,0.3301333
284,0,1,0.3496751,0.31629652,0.3340284
285,0,1,0.25515828,0.42878348,0.31605825
286,0,1,0.44935682,0.25179103,0.29885212
287,0,1,0.32833266,0.4410733,0.23059405
288,0,1,0.37825745,0.29343116,0.32831138
289,0,1,0.2723997,0.39174688,0.33585346
290,0,1,0.27623373,0.3858521,0.33791417
291,0,1,0.3921859,0.36417136,0.24364276
292,0,1,0.4610582,0.2692917,0.26965013
293,0,1,0.20457888,0.31320617,0.48221496
294,0,1,0.43614167,0.30882075,0.25503758
295,0,1,0.4201385,0.38700196,0.19285956
296,0,1,0.36907467,0.42352882,0.20739652
297,0,1,0.3360351,0.34912488,0.31484002
298,0,1,0.56286293,0.16628812,0.27084893
299,0,1,0.26579255,0.3455978,0.38860968
300,0,1,0.27267826,0.27304462,0.45427713
301,0,1,0.33930585,0.27018365,0.3905105
302,0,1,0.35158065,0.36850002,0.2799193
303,0,1,0.515772,0.16478032,0.31944767
304,0,1,0.34298852,0.4665109,0.19050059
305,0,1,0.42368948,0.35462046,0.22169006
306,0,1,0.33518204,0.3016689,0.36314902
307,0,1,0.41664642,0.2294728,0.3538808
308,0,1,0.55452484,0.24489155,0.20058364
309,0,1,0.4705623,0.24184309,0.2875946
310,0,1,0.30507645,0.29068094,0.40424263
311,0,1,0.38939798,0.35186812,0.25873393
312,0,1,0.44214916,0.37152398,0.18632685
313,0,1,0.3688375,0.44336504,0.18779746
314,0,1,0.35539484,0.39237761,0.25222757
315,0,1,0.23678374,0.34348026,0.419736
316,0,1,0.37229407,0.27395347,0.3537525
317,0,1,0.30725357,0.33636642,0.35638005
318,0,1,0.2632486,0.4062627,0.33048868
319,0,1,0.20499694,0.54138887,0.25361416
320,0,1,0.30782506,0.38969976,0.30247518
321,0,1,0.31303105,0.3148011,0.3721679
322,0,1,0.40010688,0.34013197,0.25976115
323,0,1,0.32795003,0.359963,0.31208697
324,0,1,0.38857362,0.34187973,0.26954666
325,0,1,0.361766,0.3711737,0.26706025
326,0,1,0.25049877,0.35971537,0.38978583
327,0,1,0.24628946,0.23227596,0.52143455
328,0,1,0.290343,0.28346244,0.42619458
329,0,1,0.34820864,0.26528537,0.386506
330,0,1,0.39549717,0.3040418,0.300461
331,0,1,0.320804,0.38008693,0.29910907
332,0,1,0.2142314,0.39600557,0.38976303
333,0,1,0.28032115,0.31647497,0.40320387
334,0,1,0.33510485,0.34342813,0.321467
335,0,1,0.37274805,0.30186617,0.3253858
336,0,1,0.41942033,0.19223106,0.3883486
337,0,1,0.4687032,0.31612262,0.21517418
338,0,1,0.20704767,0.4807099,0.3122424
339,0,1,0.39713708,0.28366426,0.3191987
340,0,1,0.2156829,0.277371,0.5069461
341,0,1,0.38525203,0.30944058,0.3053074
342,0,1,0.20774995,0.3786186,0.41363147
343,0,1,0.3049186,0.31833127,0.37675017
344,0,1,0.38291892,0.20957994,0.40750113
345,0,1,0.33724636,0.2834003,0.37935334
346,0,1,0.43630263,0.3244955,0.23920189
347,0,1,0.3420833,0.2713904,0.3865263
348,0,1,0.508224,0.08289931,0.4088767
349,0,1,0.24164627,0.38252902,0.3758247
350,0,1,0.27884516,0.34497052,0.37618434
351,0,1,0.34238923,0.39905277,0.25855798
352,0,1,0.32532892,0.489233,0.1854381
353,0,1,0.5912774,0.26814377,0.14057878
354,0,1,0.31604707,0.2766866,0.40726632
355,0,1,0.2164298,0.36641976,0.41715044
356,0,1,0.2555485,0.4059401,0.3385114
357,0,1,0.3734617,0.31993324,0.30660507
358,0,1,0.32875255,0.2374364,0.43381107
359,0,1,0.38904873,0.39702618,0.2139251
360,0,1,0.39862534,0.34282202,0.25855264
361,0,1,0.25811008,0.39022148,0.35166845
362,0,1,0.27340072,0.42736542,0.29923385
363,0,1,0.45143706,0.21231844,0.3362445
364,0,1,0.47329804,0.32928082,0.19742113
365,0,1,0.4676649,0.30156624,0.23076889
366,0,1,0.44932145,0.26683843,0.28384012
367,0,1,0.39607129,0.3432856,0.26064312
368,0,1,0.27580416,0.2933488,0.43084705
369,0,1,0.49606082,0.2604784,0.24346077
370,0,1,0.3465006,0.33872825,0.31477115
371,0,1,0.4554582,0.25695115,0.28759065
372,0,1,0.3623393,0.4219174,0.21574332
373,0,1,0.30059665,0.39318427,0.3062191
374,0,1,0.33039021,0.32968083,0.33992895
375,0,1,0.3251242,0.29507047,0.37980533
376,0,1,0.32642525,0.4109274,0.26264733
377,0,1,0.30389827,0.10395802,0.5921437
378,0,1,0.36995867,0.34052536,0.28951597
379,0,1,0.22253971,0.47599602,0.3014643
380,0,1,0.2870611,0.46397856,0.24896035
381,0,1,0.3985365,0.28654054,0.31492296
382,0,1,0.32994175,0.4418961,0.22816212
383,0,1,0.32615185,0.27920392,0.3946442
384,0,1,0.47196257,0.24469078,0.28334665
385,0,1,0.40961805,0.3198184,0.2705635
386,0,1,0.2283261,0.39706576,0.37460813
387,0,1,0.49982578,0.22211458,0.27805966
388,0,1,0.46170107,0.35960183,0.17869711
389,0,1,0.49654913,0.20423135,0.29921952
390,0,1,0.45132238,0.2356481,0.31302953
391,0,1,0.26873133,0.44870883,0.28255987
392,0,1,0.37760422,0.3968369,0.22555888
393,0,1,0.3957025,0.29667357,0.30762392
394,0,1,0.2917003,0.31653145,0.39176825
395,0,1,0.39516696,0.26884416,0.33598888
396,0,1,0.40539753,0.20804532,0.38655716
397,0,1,0.4548422,0.34532183,0.19983594
398,0,1,0.135072,0.58358985,0.28133819
399,0,1,0.30171427,0.40064615,0.29763958
400,0,2,0.36971554,0.38580212,0.24448234
401,0,2,0.33192885,0.23954406,0.42852712
402,0,2,0.39328867,0.3640964,0.2426149
403,0,2,0.2819973,0.3066691,0.41133365
404,0,2,0.27103704,0.13935587,0.5896071
405,0,2,0.404541,0.2795449,0.31591412
406,0,2,0.2517176,0.44704676,0.30123565
407,0,2,0.33165404,0.4268863,0.24145968
408,0,2,0.30489978,0.4082318,0.28686842
409,0,2,0.32345143,0.50635546,0.17019309
410,0,2,0.22252034,0.30349115,0.4739885
411,0,2,0.22477601,0.35960332,0.41562065
412,0,2,0.33524922,0.36916265,0.29558814
413,0,2,0.42389554,0.28232834,0.2937761
414,0,2,0.4198597,0.34405312,0.23608719
415,0,2,0.32635686,0.4064649,0.26717827
416,0,2,0.34187204,0.40617678,0.2519512
417,0,2,0.36645064,0.34824243,0.28530693
418,0,2,0.38301277,0.25975975,0.35722747
419,0,2,0.3200154,0.463498,0.2164866
420,0,2,0.3104398,0.3647294,0.32483083
421,0,2,0.295108,0.2303557,0.47453633
422,0,2,0.35163173,0.27392805,0.37444022
423,0,2,0.3653546,0.31674522,0.31790015
424,0,2,0.23771538,0.3920168,0.37026784
425,0,2,0.16045335,0.41294956,0.4265971
426,0,2,0.3521491,0.281683,0.36616793
427,0,2,0.26468924,0.40782118,0.32748958
428,0,2,0.28247458,0.31295308,0.40457234
429,0,2,0.46880874,0.2247049,0.30648634
430,0,2,0.47523835,0.22237091,0.30239075
431,0,2,0.35730156,0.28900793,0.3536905
432,0,2,0.43151826,0.26429376,0.30418798
433,0,2,0.48635903,0.1621771,0.35146385
434,0,2,0.40172714,0.29272142,0.3055514
435,0,2,0.5109768,0.28784186,0.20118137
436,0,2,0.29402444,0.34224796,0.3637276
437,0,2,0.3696364,0.34745607,0.28290755
438,0,2,0.43799698,0.18920171,0.3728013
439,0,2,0.2530452,0.44629496,0.30065984
440,0,2,0.4948845,0.2816139,0.22350161
441,0,2,0.30951992,0.3272184,0.36326167
442,0,2,0.31218144,0.3214051,0.3664134
443,0,2,0.46529433,0.27396756,0.2607381
444,0,2,0.31425032,0.3573626,0.32838708
445,0,2,0.27627015,0.43389323,0.28983662
446,0,2,0.49647295,0.2589301,0.24459696
447,0,2,0.3933674,0.2583118,0.34832078
448,0,2,0.42871448,0.3115642,0.2597213
449,0,2,0.37492442,0.35021165,0.27486393
450,0,2,0.3495558,0.4431924,0.20725183
451,0,2,0.2745229,0.27671736,0.44875973
452,0,2,0.44459948,0.38142562,0.17397489
453,0,2,0.3780197,0.21365193,0.40832838
454,0,2,0.32636362,0.30110297,0.37253344
455,0,2,0.3812552,0.39544433,0.22330046
456,0,2,0.3158091,0.41566592,0.26852497
457,0,2,0.4277929,0.19016851,0.38203856
458,0,2,0.20420082,0.38715336,0.4086458
459,0,2,0.40927815,0.27123058,0.3194913
460,0,2,0.33506906,0.3695822,0.2953487
461,0,2,0.22764488,0.440975,0.33138013
462,0,2,0.46130502,0.30780196,0.230893
463,0,2,0.26524505,0.42177293,0.31298202
464,0,2,0.32379895,0.30306333,0.3731377
465,0,2,0.43998763,0.25875002,0.30126235
466,0,2,0.38657933,0.28598666,0.32743403
467,0,2,0.27234668,0.34897184,0.37868145
468,0,2,0.35507306,0.25809246,0.38683447
469,0,2,0.28539377,0.4835246,0.2310816
470,0,2,0.2446903,0.32540917,0.4299005
471,0,2,0.32679528,0.349557,0.3236477
472,0,2,0.33343762,0.44276193,0.22380044
473,0,2,0.31078753,0.3267136,0.36249885
474,0,2,0.3535323,0.27222788,0.37423983
475,0,2,0.31038073,0.37938142,0.31023785
476,0,2,0.22291307,0.31529894,0.461788
477,0,2,0.350286,0.28047717,0.36923683
478,0,2,0.42419457,0.27930945,0.29649597
479,0,2,0.34060714,0.31623688,0.34315598
480,0,2,0.42757803,0.32503378,0.24738821
481,0,2,0.15692416,0.47697958,0.36609626
482,0,2,0.48106912,0.294689,0.22424187
483,0,2,0.31601438,0.2903894,0.39359623
484,0,2,0.27713788,0.45360667,0.26925543
485,0,2,0.34530425,0.30427724,0.3504185
486,0,2,0.4595251,0.26804072,0.27243418
487,0,2,0.27242786,0.35305753,0.3745146
488,0,2,0.34800044,0.37446153,0.27753803
489,0,2,0.3020602,0.2721594,0.42578042
490,0,2,0.22678277,0.2993012,0.47391602
491,0,2,0.3709831,0.314577,0.3144399
492,0,2,0.5389405,0.11664136,0.34441817
493,0,2,0.396416,0.27252203,0.33106196
494,0,2,0.38002697,0.3687373,0.2512357
495,0,2,0.5105451,0.17337857,0.31607634
496,0,2,0.35806504,0.34204906,0.2998859
497,0,2,0.29806787,0.34793243,0.3539997
498,0,2,0.50498646,0.24936105,0.24565245
499,0,2,0.29248372,0.32099637,0.38651988
500,0,2,0.26319644,0.49154785,0.2452557
501,0,2,0.25646642,0.25590506,0.48762852
502,0,2,0.2486542,0.444952,0.30639377
503,0,2,0.36468828,0.39410052,0.24121122
504,0,2,0.20471191,0.45630825,0.33897984
505,0,2,0.26232922,0.42542624,0.31224456
506,0,2,0.5529954,0.19862695,0.24837768
507,0,2,0.33688775,0.34900442,0.31410784
508,0,2,0.45413205,0.3059512,0.23991674
509,0,2,0.27104127,0.39859077,0.33036795
510,0,2,0.28826818,0.1803747,0.5313571
511,0,2,0.44550958,0.3364792,0.21801123
512,0,2,0.2411813,0.295189,0.46362972
513,0,2,0.39757174,0.32128417,0.28114408
514,0,2,0.28538027,0.32065725,0.39396247
515,0,2,0.2949469,0.26244178,0.44261128
516,0,2,0.3773164,0.30269834,0.31998527
517,0,2,0.29513386,0.3705111,0.33435503
518,0,2,0.47464588,0.23493488,0.29041922
519,0,2,0.17995101,0.1913913,0.6286577
520,0,2,0.3647368,0.2621239,0.37313926
521,0,2,0.29205,0.1979994,0.5099506
522,0,2,0.3202704,0.41512126,0.26460835
523,0,2,0.36396563,0.34128106,0.2947533
524,0,2,0.2733645,0.43416318,0.29247233
525,0,2,0.34229192,0.24447073,0.41323736
526,0,2,0.3906534,0.27576095,0.33358565
527,0,2,0.44200963,0.3596866,0.19830374
528,0,2,0.28470358,0.26755953,0.4477369
529,0,2,0.34461477,0.27416077,0.38122445
530,0,2,0.39090213,0.32071343,0.28838444
531,0,2,0.26102155,0.2676919,0.47128657
532,0,2,0.3023777,0.28065905,0.41696325
533,0,2,0.20845367,0.26500785,0.5265385
534,0,2,0.5100773,0.21196438,0.2779583
535,0,2,0.32637528,0.4773065,0.19631825
536,0,2,0.38029775,0.28796446,0.3317378
537,0,2,0.30678383,0.39562228,0.2975939
538,0,2,0.24429643,0.30828333,0.44742024
539,0,2,0.51042736,0.22149391,0.26807874
540,0,2,0.38388312,0.25016004,0.3659568
541,0,2,0.24619524,0.26614764,0.4876571
542,0,2,0.15766558,0.56594145,0.27639297
543,0,2,0.3172817,0.29427573,0.38844258
544,0,2,0.48714173,0.3336432,0.17921506
545,0,2,0.49439403,0.34092405,0.1646819
546,0,2,0.35912877,0.30587628,0.33499494
547,0,2,0.44844723,0.32216084,0.22939193
548,0,2,0.37817985,0.3846862,0.23713394
549,0,2,0.21716355,0.51864016,0.26419628
550,0,2,0.5409573,0.142575,0.31646776
551,0,2,0.3738919,0.43627733,0.18983077
552,0,2,0.27681312,0.25590628,0.46728063
553,0,2,0.3073544,0.2002818,0.4923638
554,0,2,0.18765926,0.4293386,0.38300213
555,0,2,0.4445698,0.35100436,0.20442587
556,0,2,0.29257372,0.3854797,0.3219466
557,0,2,0.28777254,0.4590656,0.25316188
558,0,2,0.1333956,0.5854158,0.28118864
559,0,2,0.23332612,0.3963927,0.37028116
560,0,2,0.45613828,0.20188558,0.34197614
561,0,2,0.40166748,0.33323053,0.265102
562,0,2,0.23698466,0.31563073,0.4473846
563,0,2,0.5136438,0.21648057,0.26987562
564,0,2,0.37432098,0.27416253,0.3515165
565,0,2,0.25598526,0.36079502,0.38321972
566,0,2,0.17098193,0.55630195,0.27271613
567,0,2,0.52481604,0.25725898,0.21792495
568,0,2,0.3213365,0.24065381,0.43800968
569,0,2,0.4041839,0.28388804,0.31192806
570,0,2,0.3790023,0.28202677,0.33897096
571,0,2,0.31404594,0.2905871,0.39536697
572,0,2,0.35337347,0.39906693,0.24755959
573,0,2,0.3900897,0.2619839,0.3479264
574,0,2,0.30365628,0.30160388,0.39473984
575,0,2,0.22408202,0.27336693,0.5025511
576,0,2,0.5026784,0.2077208,0.2896008
577,0,2,0.3740886,0.39063022,0.23528117
578,0,2,0.19249801,0.46322978,0.34427223
579,0,2,0.29146472,0.40920883,0.29932645
580,0,2,0.38117328,0.3840351,0.2347916
581,0,2,0.234922,0.4677708,0.29730716
582,0,2,0.27735883,0.38499177,0.3376494
583,0,2,0.35721144,0.40289032,0.23989823
584,0,2,0.4640469,0.23860621,0.2973469
585,0,2,0.29845065,0.30573297,0.39581636
586,0,2,0.34038952,0.25682735,0.40278313
587,0,2,0.39854208,0.33628857,0.26516935
588,0,2,0.4304113,0.16670744,0.40288126
589,0,2,0.3132083,0.37322685,0.31356484
590,0,2,0.29810655,0.29372972,0.4081637
591,0,2,0.29708976,0.23883572,0.46407452
592,0,2,0.52675927,0.20485118,0.26838958
593,0,2,0.2899092,0.316278,0.39381278
594,0,2,0.26587552,0.37882316,0.35530132
595,0,2,0.33279464,0.30612892,0.36107644
596,0,2,0.26169568,0.33397397,0.40433037
597,0,2,0.36139804,0.4981325,0.14046948
598,0,2,0.18775935,0.31940323,0.4928374
599,0,2,0.2676479,0.43019977,0.30215234
600,1,0,0.2879942,0.33782253,0.37418327
601,1,0,0.3656182,0.31169212,0.3226897
602,1,0,0.39618897,0.27904382,0.3247672
603,1,0,0.33479747,0.36029312,0.3049094
604,1,0,0.34906316,0.3709549,0.27998194
605,1,0,0.34565252,0.3420045,0.31234297
606,1,0,0.33773556,0.27725813,0.3850063
607,1,0,0.3643503,0.28971776,0.34593192
608,1,0,0.29639426,0.3788295,0.32477623
609,1,0,0.39538205,0.28938016,0.31523776
610,1,0,0.3083786,0.3109843,0.3806371
611,1,0,0.3136456,0.32429576,0.36205864
612,1,0,0.39073458,0.30608073,0.3031847
613,1,0,0.39014518,0.3297897,0.28006512
614,1,0,0.3674914,0.3165916,0.31591702
615,1,0,0.3782514,0.3339571,0.2877915
616,1,0,0.29766083,0.34776932,0.35456985
617,1,0,0.3502816,0.32679015,0.32292825
618,1,0,0.3746009,0.33186343,0.2935357
619,1,0,0.4058878,0.30690548,0.2872067
620,1,0,0.34835064,0.3148742,0.33677515
621,1,0,0.34423557,0.31371883,0.34204563
622,1,0,0.3254199,0.33235225,0.34222782
623,1,0,0.33161804,0.30140564,0.36697635
624,1,0,0.2856694,0.3817343,0.33259633
625,1,0,0.3380193,0.30949393,0.35248676
626,1,0,0.3167136,0.34553283,0.33775356
627,1,0,0.4109872,0.29809973,0.29091308
628,1,0,0.29894593,0.37539724,0.32565683
629,1,0,0.30519897,0.3205397,0.37426135
630,1,0,0.39672977,0.31339726,0.28987297
631,1,0,0.33449292,0.3199294,0.34557766
632,1,0,0.32179722,0.3203767,0.35782605
633,1,0,0.29588532,0.3408503,0.36326438
634,1,0,0.35297936,0.28735325,0.3596674
635,1,0,0.32039037,0.2593492,0.42026043
636,1,0,0.33058158,0.33106855,0.33834988
637,1,0,0.3021278,0.3367568,0.3611154
638,1,0,0.42027032,0.30204666,0.27768305
639,1,0,0.314059,0.36682284,0.31911814
640,1,0,0.37523964,0.32037324,0.30438712
641,1,0,0.32178748,0.3377591,0.34045342
642,1,0,0.33131194,0.285052,0.38363606
643,1,0,0.35759524,0.2827142,0.35969055
644,1,0,0.30845237,0.32226676,0.36928087
645,1,0,0.3470358,0.33062595,0.32233828
646,1,0,0.46117213,0.28101492,0.25781295
647,1,0,0.30030113,0.35635644,0.34334242
648,1,0,0.38824326,0.31004167,0.30171508
649,1,0,0.316057,0.38420185,0.29974115
650,1,0,0.38767815,0.32265028,0.2896716
651,1,0,0.3178634,0.36845988,0.3136767
652,1,0,0.3559357,0.29924497,0.34481934
653,1,0,0.3429316,0.30312082,0.35394758
654,1,0,0.27815726,0.4085705,0.31327224
655,1,0,0.33684942,0.32205835,0.34109223
656,1,0,0.31359586,0.31075296,0.37565118
657,1,0,0.34629333,0.29857567,0.35513097
658,1,0,0.3104806,0.34967014,0.33984923
659,1,0,0.37035066,0.30155507,0.32809427
660,1,0,0.3552356,0.3175013,0.3272631
661,1,0,0.32385358,0.316063,0.36008343
662,1,0,0.33501616,0.30706233,0.35792154
663,1,0,0.37714365,0.28865254,0.3342038
664,1,0,0.36725527,0.35204065,0.28070408
665,1,0,0.32920736,0.28310928,0.38768336
666,1,0,0.3538035,0.33145663,0.31473988
667,1,0,0.31522822,0.38105592,0.30371585
668,1,0,0.32087404,0.3572395,0.32188645
669,1,0,0.36037138,0.2927194,0.3469092
670,1,0,0.32371676,0.3056827,0.37060055
671,1,0,0.3708709,0.2944347,0.33469442
672,1,0,0.32848495,0.36003557,0.31147948
673,1,0,0.37177545,0.27850276,0.34972176
674,1,0,0.32047248,0.30315736,0.37637016
675,1,0,0.29868394,0.3371577,0.36415836
676,1,0,0.3670192,0.31545806,0.31752273
677,1,0,0.36115846,0.31167847,0.32716304
678,1,0,0.33036494,0.31220952,0.35742557
679,1,0,0.3848282,0.3159471,0.2992247
680,1,0,0.34986433,0.3442901,0.30584556
681,1,0,0.3239488,0.35254863,0.32350257
682,1,0,0.4041722,0.32271782,0.27310997
683,1,0,0.33090255,0.34362265,0.3254748
684,1,0,0.3672073,0.2944187,0.33837402
685,1,0,0.37311956,0.33876482,0.28811562
686,1,0,0.2938034,0.31704685,0.38914976
687,1,0,0.3924244,0.34348458,0.26409099
688,1,0,0.31427145,0.36054793,0.32518062
689,1,0,0.31374997,0.33031008,0.35593995
690,1,0,0.4117624,0.29441512,0.2938225
691,1,0,0.40552032,0.27232832,0.32215136
692,1,0,0.3831326,0.30184194,0.31502542
693,1,0,0.3152524,0.3669127,0.3178349
694,1,0,0.3710852,0.28930137,0.33961344
695,1,0,0.34506038,0.36497876,0.28996086
696,1,0,0.34984767,0.35187885,0.29827347
697,1,0,0.35753813,0.2935126,0.34894925
698,1,0,0.31154543,0.40007278,0.2883818
699,1,0,0.31916094,0.3438823,0.33695677
700,1,0,0.31599334,0.3568395,0.32716715
701,1,0,0.3313205,0.35142878,0.31725073
702,1,0,0.29114982,0.28892243,0.41992775
703,1,0,0.30007005,0.28607643,0.41385353
704,1,0,0.3786776,0.31709906,0.30422333
705,1,0,0.38486695,0.27668497,0.33844808
706,1,0,0.35472158,0.33037543,0.31490296
707,1,0,0.41507643,0.33373338,0.2511902
708,1,0,0.2929268,0.36389711,0.34317613
709,1,0,0.3170447,0.3822867,0.3006686
710,1,0,0.38363442,0.2927514,0.32361418
711,1,0,0.3345794,0.3433635,0.3220571
712,1,0,0.36228105,0.31204122,0.32567772
713,1,0,0.30604085,0.3593286,0.33463052
714,1,0,0.43074477,0.2772934,0.29196182
715,1,0,0.35702243,0.32833412,0.31464344
716,1,0,0.3287752,0.32844806,0.34277675
717,1,0,0.3195467,0.34317112,0.33728218
718,1,0,0.34265408,0.2855509,0.37179503
719,1,0,0.42210832,0.29726994,0.28062174
720,1,0,0.3460836,0.3484773,0.3054391
721,1,0,0.45600152,0.24047868,0.30351982
722,1,0,0.30157012,0.28512046,0.41330943
723,1,0,0.31540143,0.31123585,0.37336272
724,1,0,0.3845517,0.31494552,0.30050278
725,1,0,0.3540121,0.3466498,0.2993381
726,1,0,0.33149713,0.32801622,0.34048665
727,1,0,0.30698815,0.37467697,0.31833488
728,1,0,0.32335347,0.30992407,0.36672246
729,1,0,0.29999325,0.43489152,0.26511526
730,1,0,0.34582436,0.3320095,0.32216612
731,1,0,0.35027957,0.3121894,0.33753103
732,1,0,0.29461873,0.35544515,0.34993613
733,1,0,0.38533396,0.25971788,0.35494816
734,1,0,0.39413583,0.2769205,0.32894364
735,1,0,0.35719302,0.33070794,0.31209904
736,1,0,0.3153208,0.39450482,0.2901744
737,1,0,0.39654619,0.3183862,0.28506765
738,1,0,0.31830594,0.33179584,0.34989822
739,1,0,0.3105804,0.34925458,0.34016502
740,1,0,0.3099486,0.35582948,0.33422193
741,1,0,0.3437235,0.3681801,0.28809637
742,1,0,0.3242147,0.3519794,0.3238059
743,1,0,0.3097677,0.33187303,0.3583593
744,1,0,0.37275547,0.33198565,0.29525888
745,1,0,0.31610727,0.3403889,0.34350383
746,1,0,0.388432,0.31086504,0.300703
747,1,0,0.33451197,0.3011272,0.36436084
748,1,0,0.33795598,0.3132444,0.34879962
749,1,0,0.32102093,0.33187944,0.34709963
750,1,0,0.36119393,0.30619445,0.33261162
751,1,0,0.3704422,0.34789088,0.2816669
752,1,0,0.390675,0.35205442,0.25727057
753,1,0,0.36730903,0.30572826,0.32696274
754,1,0,0.3330199,0.3540221,0.312958
755,1,0,0.39801848,0.31320494,0.2887766
756,1,0,0.44671273,0.29314598,0.2601413
757,1,0,0.32701844,0.37583888,0.29714268
758,1,0,0.2959619,0.37549838,0.32853973
759,1,0,0.38364148,0.27952623,0.33683228
760,1,0,0.40523392,0.30299255,0.2917735
761,1,0,0.40758312,0.29747844,0.29493845
762,1,0,0.3389392,0.3352989,0.3257619
763,1,0,0.39400157,0.32290477,0.2830937
764,1,0,0.28212488,0.4146122,0.30326292
765,1,0,0.35138735,0.30212712,0.34648553
766,1,0,0.35426134,0.3145577,0.33118096
767,1,0,0.34057748,0.33171424,0.32770827
768,1,0,0.3522845,0.3200315,0.327684
769,1,0,0.3711135,0.2979535,0.33093297
770,1,0,0.35674676,0.2810377,0.36221555
771,1,0,0.3050568,0.38606545,0.30887774
772,1,0,0.4046108,0.2866047,0.3087845
773,1,0,0.42564535,0.2887144,0.28564024
774,1,0,0.25791433,0.44108388,0.3010018
775,1,0,0.34118557,0.34098187,0.31783256
776,1,0,0.36827937,0.28561714,0.34610346
777,1,0,0.41394317,0.30607688,0.27997994
778,1,0,0.36236727,0.33070028,0.30693248
779,1,0,0.31774452,0.40381256,0.2784429
780,1,0,0.317824,0.32722467,0.35495132
781,1,0,0.37171218,0.28266764,0.3456202
782,1,0,0.34622502,0.33227736,0.32149762
783,1,0,0.31352833,0.34445092,0.34202075
784,1,0,0.32166126,0.28683272,0.391506
785,1,0,0.34614456,0.3363561,0.31749937
786,1,0,0.31024176,0.35897,0.33078825
787,1,0,0.3262642,0.35641587,0.31731993
788,1,0,0.39943677,0.27464202,0.3259212
789,1,0,0.39183095,0.32344478,0.2847243
790,1,0,0.29447004,0.3516033,0.35392666
791,1,0,0.41410732,0.30790165,0.27799103
792,1,0,0.3429911,0.33854946,0.31845942
793,1,0,0.3241985,0.33624375,0.33955774
794,1,0,0.34653816,0.29064152,0.36282033
795,1,0,0.32189414,0.373715,0.30439088
796,1,0,0.27412766,0.39624068,0.32963166
797,1,0,0.3613324,0.30022523,0.33844236
798,1,0,0.32486156,0.3645294,0.31060904
799,1,0,0.4521341,0.26672474,0.28114116
800,1,1,0.31781316,0.37128943,0.3108974
801,1,1,0.31626952,0.29090554,0.39282495
802,1,1,0.28308734,0.36405647,0.35285616
803,1,1,0.37556842,0.32911634,0.29531524
804,1,1,0.30444163,0.29805177,0.3975066
805,1,1,0.41276875,0.3095862,0.27764508
806,1,1,0.35757443,0.38612157,0.256304
807,1,1,0.32004553,0.3352239,0.34473056
808,1,1,0.36662465,0.31026095,0.3231144
809,1,1,0.362133,0.30754748,0.33031952
810,1,1,0.37566146,0.30060855,0.32373
811,1,1,0.29611078,0.3896789,0.31421033
812,1,1,0.40342182,0.32230508,0.2742731
813,1,1,0.4262466,0.29307798,0.2806754
814,1,1,0.3329922,0.3176083,0.3493995
815,1,1,0.30872294,0.33514452,0.3561325
816,1,1,0.35971144,0.30596265,0.3343259
817,1,1,0.28200227,0.37410843,0.3438893
818,1,1,0.30057836,0.32171902,0.37770262
819,1,1,0.34803388,0.3120656,0.33990052
820,1,1,0.3029806,0.35981965,0.33719975
821,1,1,0.3538712,0.27012703,0.3760018
822,1,1,0.3447912,0.32341382,0.33179498
823,1,1,0.28963313,0.37178552,0.33858135
824,1,1,0.32207248,0.387779,0.2901485
825,1,1,0.33050284,0.32737857,0.3421186
826,1,1,0.33972493,0.3450141,0.31526098
827,1,1,0.37660754,0.3386804,0.2847121
828,1,1,0.3645784,0.32810214,0.30731946
829,1,1,0.36651716,0.30559227,0.32789055
830,1,1,0.29889554,0.33950603,0.36159843
831,1,1,0.38401496,0.30768698,0.30829805
832,1,1,0.2933299,0.37395158,0.33271852
833,1,1,0.31970358,0.31198755,0.36830887
834,1,1,0.31656232,0.36661217,0.3168255
835,1,1,0.32115272,0.34993625,0.32891104
836,1,1,0.36750695,0.31070352,0.32178953
837,1,1,0.33301076,0.3177231,0.34926614
838,1,1,0.33294743,0.3334221,0.33363047
839,1,1,0.3271334,0.33263832,0.3402283
840,1,1,0.38616475,0.3071985,0.30663675
841,1,1,0.37373602,0.2875055,0.33875847
842,1,1,0.3777067,0.32419327,0.29810002
843,1,1,0.37936556,0.30898228,0.31165215
844,1,1,0.33421728,0.33391204,0.33187068
845,1,1,0.38827732,0.30756634,0.30415633
846,1,1,0.33814818,0.3151947,0.34665713
847,1,1,0.32671836,0.34014603,0.3331356
848,1,1,0.30529982,0.36294404,0.33175614
849,1,1,0.36635715,0.33530626,0.2983366
850,1,1,0.36357313,0.31485876,0.3215681
851,1,1,0.31077054,0.3876636,0.30156586
852,1,1,0.37577954,0.32330695,0.3009135
853,1,1,0.3060262,0.44455278,0.24942103
854,1,1,0.3321873,0.3504999,0.3173128
855,1,1,0.32895386,0.35865653,0.3123896
856,1,1,0.34614357,0.33848915,0.31536728
857,1,1,0.36537522,0.35372028,0.2809045
858,1,1,0.31827602,0.3991221,0.2826019
859,1,1,0.35349184,0.36547065,0.2810375
860,1,1,0.3558796,0.28499097,0.35912943
861,1,1,0.3426736,0.2983996,0.3589268
862,1,1,0.3810723,0.32389152,0.29503617
863,1,1,0.35257426,0.34933427,0.2980915
864,1,1,0.38123316,0.3189936,0.29977325
865,1,1,0.3946977,0.30192718,0.30337512
866,1,1,0.3383585,0.33032033,0.33132118
867,1,1,0.3971849,0.32330137,0.27951372
868,1,1,0.38614264,0.29395577,0.3199016
869,1,1,0.28925845,0.3742297,0.33651185
870,1,1,0.3640286,0.2597651,0.3762063
871,1,1,0.3450202,0.33406708,0.3209127
872,1,1,0.35496572,0.31867364,0.32636064
873,1,1,0.34907156,0.311806,0.33912244
874,1,1,0.29529077,0.32924944,0.37545976
875,1,1,0.4210279,0.27400222,0.30496988
876,1,1,0.40477788,0.34242558,0.25279653
877,1,1,0.35615513,0.33694702,0.30689785
878,1,1,0.36160114,0.31035575,0.3280431
879,1,1,0.34798026,0.31595546,0.33606428
880,1,1,0.31839353,0.38557905,0.29602742
881,1,1,0.33744776,0.31432006,0.34823215
882,1,1,0.30049494,0.35981953,0.33968553
883,1,1,0.34497422,0.33576435,0.31926143
884,1,1,0.3673433,0.31524312,0.31741357
885,1,1,0.31739867,0.3593197,0.32328165
886,1,1,0.40150914,0.27248776,0.3260031
887,1,1,0.3212309,0.39097127,0.28779784
888,1,1,0.37939182,0.29957247,0.3210357
889,1,1,0.30375472,0.36382878,0.3324165
890,1,1,0.32829264,0.35570076,0.31600657
891,1,1,0.3635331,0.3408071,0.29565978
892,1,1,0.38114262,0.30055434,0.31830305
893,1,1,0.31150582,0.31036803,0.37812614
894,1,1,0.3926436,0.3186939,0.2886625
895,1,1,0.418161,0.31156495,0.270274
896,1,1,0.36437792,0.34159008,0.294032
897,1,1,0.3612393,0.3497373,0.28902343
898,1,1,0.4359256,0.27450028,0.28957412
899,1,1,0.32323572,0.32249126,0.354273
900,1,1,0.325858,0.31237456,0.36176744
901,1,1,0.35921067,0.30363372,0.3371556
902,1,1,0.34811065,0.35320473,0.29868463
903,1,1,0.44288966,0.25936154,0.2977488
904,1,1,0.3642252,0.36196768,0.2738071
905,1,1,0.3796701,0.317668,0.3026619
906,1,1,0.3342011,0.3265393,0.3392596
907,1,1,0.37133583,0.28841045,0.3402537
908,1,1,0.4068488,0.30600733,0.2871439
909,1,1,0.41151354,0.28811577,0.3003707
910,1,1,0.33829919,0.30286303,0.35883778
911,1,1,0.3587533,0.3314247,0.30982196
912,1,1,0.36774358,0.3534365,0.2788199
913,1,1,0.33041593,0.3987568,0.2708273
914,1,1,0.3436611,0.3629178,0.2934211
915,1,1,0.30404937,0.35826838,0.33768225
916,1,1,0.3742905,0.29326344,0.33244607
917,1,1,0.30922976,0.35392913,0.3368411
918,1,1,0.3041246,0.3632096,0.33266583
919,1,1,0.3032226,0.41206244,0.28471494
920,1,1,0.3237311,0.38337338,0.29289553
921,1,1,0.32675162,0.328548,0.34470037
922,1,1,0.3500194,0.35193542,0.29804516
923,1,1,0.34498286,0.3453353,0.30968183
924,1,1,0.37337133,0.317166,0.30946267
925,1,1,0.35806665,0.33732918,0.30460414
926,1,1,0.30712616,0.3520388,0.340835
927,1,1,0.30300364,0.29763377,0.3993626
928,1,1,0.34213072,0.30862772,0.34924155
929,1,1,0.34652287,0.32622826,0.32724887
930,1,1,0.38725322,0.30226126,0.3104855
931,1,1,0.33238435,0.35524288,0.31237277
932,1,1,0.29326183,0.36692607,0.3398121
933,1,1,0.32271084,0.3239598,0.35332936
934,1,1,0.32775372,0.3578315,0.3144148
935,1,1,0.35945818,0.3372371,0.30330473
936,1,1,0.38702258,0.304628,0.3083494
937,1,1,0.39411005,0.32958955,0.27630037
938,1,1,0.31319588,0.39297006,0.29383403
939,1,1,0.35326344,0.32902575,0.31771082
940,1,1,0.27679026,0.32269362,0.4005161
941,1,1,0.35803145,0.33380425,0.3081643
942,1,1,0.30654863,0.32854483,0.36490658
943,1,1,0.31614688,0.3306152,0.35323793
944,1,1,0.3769281,0.2686381,0.3544338
945,1,1,0.35887802,0.30831167,0.3328103
946,1,1,0.4067593,0.30804798,0.28519273
947,1,1,0.3491708,0.30531028,0.3455189
948,1,1,0.4334366,0.2473474,0.31921598
949,1,1,0.3198461,0.36008102,0.3200729
950,1,1,0.3289624,0.34294605,0.32809156
951,1,1,0.36795357,0.3631284,0.26891807
952,1,1,0.33573082,0.39885908,0.2654101
953,1,1,0.46731132,0.29987934,0.23280932
954,1,1,0.34733492,0.3194134,0.33325168
955,1,1,0.32990703,0.32023448,0.3498585
956,1,1,0.30392277,0.37079242,0.3252848
957,1,1,0.37761867,0.31218186,0.31019947
958,1,1,0.35672027,0.27512366,0.3681561
959,1,1,0.37635875,0.35405675,0.2695845
960,1,1,0.37185133,0.3199005,0.30824816
961,1,1,0.32246312,0.36794162,0.30959526
962,1,1,0.32312173,0.3663471,0.31053117
963,1,1,0.39920142,0.29267904,0.30811954
964,1,1,0.39765254,0.31154594,0.29080153
965,1,1,0.38648698,0.3048341,0.30867893
966,1,1,0.37743533,0.32222846,0.30033618
967,1,1,0.3626421,0.32584098,0.31151694
968,1,1,0.34467646,0.30991673,0.3454068
969,1,1,0.41907248,0.30155626,0.27937126
970,1,1,0.36107805,0.29634932,0.34257266
971,1,1,0.41473585,0.2732264,0.31203777
972,1,1,0.36229753,0.3608534,0.27684906
973,1,1,0.32311058,0.3704441,0.30644533
974,1,1,0.34192958,0.33709675,0.32097366
975,1,1,0.35251844,0.3087748,0.33870676
976,1,1,0.34002876,0.35261416,0.3073571
977,1,1,0.32108164,0.2851068,0.39381155
978,1,1,0.34672883,0.3382399,0.31503126
979,1,1,0.2888808,0.41203293,0.29908627
980,1,1,0.32320067,0.37866107,0.29813826
981,1,1,0.3669536,0.31525594,0.31779045
982,1,1,0.34167662,0.36444098,0.2938824
983,1,1,0.35332456,0.30936906,0.33730638
984,1,1,0.35296875,0.31315973,0.3338715
985,1,1,0.37153855,0.3439922,0.28446925
986,1,1,0.28314278,0.36727825,0.34957898
987,1,1,0.40611523,0.2651249,0.32875985
988,1,1,0.3754703,0.35026136,0.27426833
989,1,1,0.42354536,0.26289392,0.31356075
990,1,1,0.38318062,0.3047117,0.3121077
991,1,1,0.3019959,0.38298306,0.31502104
992,1,1,0.36775202,0.3443104,0.28793758
993,1,1,0.37040943,0.3207499,0.30884066
994,1,1,0.32704946,0.31596452,0.35698605
995,1,1,0.35343093,0.30499628,0.34157276
996,1,1,0.3764831,0.3040429,0.31947398
997,1,1,0.41241336,0.3137691,0.27381754
998,1,1,0.29696196,0.40318733,0.2998507
999,1,1,0.3412734,0.3490608,0.3096658
1000,1,2,0.37028882,0.3453932,0.28431797
